[gd_scene format=3 uid="uid://dr5fen2cwown7"]

[ext_resource type="Shader" uid="uid://dxo0niadqpfmg" path="res://Assets/Shaders/S_Snow_01.gdshader" id="1_waglr"]
[ext_resource type="Texture2D" uid="uid://olh23y5c7v5e" path="res://Assets/Shaders/T_GrainNoise_512x512.png" id="2_rwt1y"]
[ext_resource type="Texture2D" uid="uid://dkfkpuhem5qlx" path="res://Assets/Shaders/T_PerlinNoise_256x256.png" id="3_mvfa8"]
[ext_resource type="PackedScene" uid="uid://ccu7xctb4aimt" path="res://Assets/SM_Tree_Pine_01.fbx" id="4_r0dna"]
[ext_resource type="PackedScene" uid="uid://btiyra0yr0sm4" path="res://Assets/SM_Tree_Pine_03.fbx" id="5_b5aes"]
[ext_resource type="PackedScene" uid="uid://c8oxjam3gfaj5" path="res://Assets/SM_Path_Small_01.fbx" id="7_0ao37"]
[ext_resource type="Script" uid="uid://cp26fooektfl2" path="res://Scripts/Colony/Colony_Script.gd" id="10_73dir"]
[ext_resource type="PackedScene" uid="uid://cv002k0fcsopd" path="res://Scenes/Colony/Buildings/Igloo_Housing_Building_Scene.tscn" id="10_qjxhu"]
[ext_resource type="PackedScene" uid="uid://dwvjglu5tb3vq" path="res://Scenes/art_gym_lighting.tscn" id="10_w86vl"]
[ext_resource type="PackedScene" uid="uid://b0ok3h6300l" path="res://Scenes/Colony/Buildings/Fishing_Pond_Building_Scene.tscn" id="11_jdbgl"]
[ext_resource type="PackedScene" uid="uid://c0gsy02twtl64" path="res://Scenes/Player.tscn" id="13_6sbj7"]

[sub_resource type="ShaderMaterial" id="ShaderMaterial_o7e4v"]
render_priority = 0
shader = ExtResource("1_waglr")
shader_parameter/noise_texture = ExtResource("3_mvfa8")
shader_parameter/grain_texture = ExtResource("2_rwt1y")
shader_parameter/base_color = Vector3(0.286, 0.348, 0.47)
shader_parameter/blend_color = Vector3(0.181, 0.293, 0.615)
shader_parameter/sparkle_color = Vector3(0.21, 0.205, 50)
shader_parameter/sparkle_emissive = 1.0

[node name="World" type="Node3D" unique_id=1874026479]

[node name="CSGBox3D" type="CSGBox3D" parent="." unique_id=1543731571]
transform = Transform3D(3936.2793, 0, 0, 0, 1, 0, 0, 0, 3627.1162, -1.0936055, 0.07178736, 2.9198637)
material_override = SubResource("ShaderMaterial_o7e4v")

[node name="Light" parent="." unique_id=1450571092 instance=ExtResource("10_w86vl")]

[node name="Environment" type="Node3D" parent="." unique_id=1323123888]

[node name="SM_Tree_Pine_01" parent="Environment" unique_id=1475436749 instance=ExtResource("4_r0dna")]
transform = Transform3D(1, 0, 0, 0, 1, 0, 0, 0, 1, -2.9976218, 0.4008342, 11.623376)

[node name="SM_Tree_Pine_02" parent="Environment" unique_id=1766677823 instance=ExtResource("4_r0dna")]
transform = Transform3D(1, 0, 0, 0, 1, 0, 0, 0, 1, 0.958158, 0.4008342, 11.021386)

[node name="SM_Tree_Pine_06" parent="Environment" unique_id=578182979 instance=ExtResource("4_r0dna")]
transform = Transform3D(1, 0, 0, 0, 1, 0, 0, 0, 1, -12.393511, 0.4008342, 0.7143583)

[node name="SM_Tree_Pine_03" parent="Environment" unique_id=1366332905 instance=ExtResource("5_b5aes")]
transform = Transform3D(1, 0, 0, 0, 1, 0, 0, 0, 1, 17.13101, 0.41152525, -7.629942)

[node name="SM_Tree_Pine_05" parent="Environment" unique_id=1467761326 instance=ExtResource("5_b5aes")]
transform = Transform3D(1, 0, 0, 0, 1, 0, 0, 0, 1, 22.294514, 0.41152525, -2.6393785)

[node name="SM_Tree_Pine_04" parent="Environment" unique_id=648575233 instance=ExtResource("5_b5aes")]
transform = Transform3D(1, 0, 0, 0, 1, 0, 0, 0, 1, -26.20454, 0.41152525, -3.539713)

[node name="Colony" type="Node3D" parent="." unique_id=1395962971]
script = ExtResource("10_73dir")
metadata/_custom_type_script = "uid://cp26fooektfl2"

[node name="UpgradeLayer0" type="Node3D" parent="Colony" unique_id=838450215]

[node name="Paths" type="Node3D" parent="Colony/UpgradeLayer0" unique_id=729001229]

[node name="SM_Path_Small_01" parent="Colony/UpgradeLayer0/Paths" unique_id=1829901596 instance=ExtResource("7_0ao37")]
transform = Transform3D(0.9759396, 0, 0.21804103, 0, 1, 0, -0.21804103, 0, 0.9759396, -0.27114367, 0.5547466, 5.612448)

[node name="SM_Path_Small_06" parent="Colony/UpgradeLayer0/Paths" unique_id=1754211579 instance=ExtResource("7_0ao37")]
transform = Transform3D(0.93545634, 0, 0.3534422, 0, 1, 0, -0.3534422, 0, 0.93545634, -3.0387297, 0.5547466, 6.612531)

[node name="SM_Path_Small_07" parent="Colony/UpgradeLayer0/Paths" unique_id=1815323418 instance=ExtResource("7_0ao37")]
transform = Transform3D(0.9943676, 0, 0.10598643, 0, 1, 0, -0.10598643, 0, 0.9943676, -6.4492264, 0.5547466, 7.14994)

[node name="SM_Path_Small_13" parent="Colony/UpgradeLayer0/Paths" unique_id=1588407274 instance=ExtResource("7_0ao37")]
transform = Transform3D(0.9993537, 0, -0.03594601, 0, 1, 0, 0.03594601, 0, 0.9993537, -6.4492264, 0.5547466, 10.10671)

[node name="SM_Path_Small_14" parent="Colony/UpgradeLayer0/Paths" unique_id=1431936847 instance=ExtResource("7_0ao37")]
transform = Transform3D(0.9463792, 0, -0.3230587, 0, 1, 0, 0.3230587, 0, 0.9463792, -7.25232, 0.5547466, 12.920742)

[node name="SM_Path_Small_15" parent="Colony/UpgradeLayer0/Paths" unique_id=2077751890 instance=ExtResource("7_0ao37")]
transform = Transform3D(0.87414557, 0, -0.48566425, 0, 1, 0, 0.48566425, 0, 0.87414557, -8.727043, 0.5547466, 15.492437)

[node name="SM_Path_Small_08" parent="Colony/UpgradeLayer0/Paths" unique_id=1929070736 instance=ExtResource("7_0ao37")]
transform = Transform3D(0.9996193, 0, -0.027590118, 0, 1, 0, 0.027590118, 0, 0.9996193, -9.759569, 0.5547466, 6.9688306)

[node name="SM_Path_Small_09" parent="Colony/UpgradeLayer0/Paths" unique_id=644756558 instance=ExtResource("7_0ao37")]
transform = Transform3D(0.9934289, 0, -0.11445166, 0, 1, 0, 0.11445166, 0, 0.9934289, -12.884825, 0.5547466, 6.5217814)

[node name="SM_Path_Small_02" parent="Colony/UpgradeLayer0/Paths" unique_id=768236531 instance=ExtResource("7_0ao37")]
transform = Transform3D(0.11297771, 0, -0.9935975, 0, 1, 0, 0.9935975, 0, 0.11297771, 1.5287237, 0.51813936, 4.059497)

[node name="SM_Path_Small_03" parent="Colony/UpgradeLayer0/Paths" unique_id=51098494 instance=ExtResource("7_0ao37")]
transform = Transform3D(1, 0, 0, 0, 1, 0, 0, 0, 1, 5.432627, 0.5547466, 4.3963904)

[node name="SM_Path_Small_10" parent="Colony/UpgradeLayer0/Paths" unique_id=2085748653 instance=ExtResource("7_0ao37")]
transform = Transform3D(0.998513, 0, 0.0545145, 0, 1, 0, -0.0545145, 0, 0.998513, 5.432627, 0.5547466, 6.9823747)

[node name="SM_Path_Small_11" parent="Colony/UpgradeLayer0/Paths" unique_id=1787982467 instance=ExtResource("7_0ao37")]
transform = Transform3D(0.98875636, 0, 0.14953536, 0, 1, 0, -0.14953536, 0, 0.98875636, 5.9164863, 0.5547466, 9.77968)

[node name="SM_Path_Small_12" parent="Colony/UpgradeLayer0/Paths" unique_id=1167475130 instance=ExtResource("7_0ao37")]
transform = Transform3D(0.922491, 0, 0.3860188, 0, 1, 0, -0.3860188, 0, 0.922491, 6.834352, 0.5547466, 12.38607)

[node name="SM_Path_Small_04" parent="Colony/UpgradeLayer0/Paths" unique_id=1682689296 instance=ExtResource("7_0ao37")]
transform = Transform3D(-0.087886035, 0, -0.9961306, 0, 1, 0, 0.9961306, 0, -0.087886035, 7.36176, 0.51813936, 3.1593447)

[node name="SM_Path_Small_05" parent="Colony/UpgradeLayer0/Paths" unique_id=1501374120 instance=ExtResource("7_0ao37")]
transform = Transform3D(-0.087886035, 0, -0.9961306, 0, 1, 0, 0.9961306, 0, -0.087886035, 10.215001, 0.51813936, 3.1593447)

[node name="Buildings" type="Node3D" parent="Colony/UpgradeLayer0" unique_id=192629947]

[node name="FishingPondBuildingScene" parent="Colony/UpgradeLayer0/Buildings" unique_id=605454376 instance=ExtResource("11_jdbgl")]
transform = Transform3D(1, 0, 0, 0, 1, 0, 0, 0, 1, -18.540676, 0.9024608, 5.216177)

[node name="IglooBuildingScene" parent="Colony/UpgradeLayer0/Buildings" unique_id=1368820721 instance=ExtResource("10_qjxhu")]
transform = Transform3D(0.067579925, 0, 0.99771386, 0, 1, 0, -0.99771386, 0, 0.067579925, 14.51359, 0.9280715, 4.134337)

[node name="UpgradeLayer1" type="Node3D" parent="Colony" unique_id=119963285]

[node name="UpgradeLayer2" type="Node3D" parent="Colony" unique_id=1759345791]

[node name="UpgradeLayer3" type="Node3D" parent="Colony" unique_id=178976029]

[node name="UpgradeLayer4" type="Node3D" parent="Colony" unique_id=1698549923]

[node name="Player" parent="." unique_id=196852108 instance=ExtResource("13_6sbj7")]
limit_left = -40.0
limit_right = 40.0
limit_forward = -40.0
limit_back = 40.0
