[gd_scene format=3 uid="uid://dr5fen2cwown7"]

[ext_resource type="Shader" uid="uid://dxo0niadqpfmg" path="res://Assets/Shaders/S_Snow_01.gdshader" id="1_waglr"]
[ext_resource type="Texture2D" uid="uid://olh23y5c7v5e" path="res://Assets/Shaders/T_GrainNoise_512x512.png" id="2_rwt1y"]
[ext_resource type="Texture2D" uid="uid://dkfkpuhem5qlx" path="res://Assets/Shaders/T_PerlinNoise_256x256.png" id="3_mvfa8"]
[ext_resource type="PackedScene" uid="uid://ccu7xctb4aimt" path="res://Assets/SM_Tree_Pine_01.fbx" id="4_r0dna"]
[ext_resource type="PackedScene" uid="uid://btiyra0yr0sm4" path="res://Assets/SM_Tree_Pine_03.fbx" id="5_b5aes"]
[ext_resource type="PackedScene" uid="uid://c8oxjam3gfaj5" path="res://Assets/SM_Path_Small_01.fbx" id="7_0ao37"]
[ext_resource type="Script" uid="uid://cp26fooektfl2" path="res://Scripts/Colony/Colony_Script.gd" id="10_73dir"]
[ext_resource type="PackedScene" uid="uid://cv002k0fcsopd" path="res://Scenes/Colony/Buildings/Igloo_Housing_Building_Scene.tscn" id="10_qjxhu"]
[ext_resource type="PackedScene" uid="uid://dwvjglu5tb3vq" path="res://Scenes/art_gym_lighting.tscn" id="10_w86vl"]
[ext_resource type="PackedScene" uid="uid://c0quyxgsqm0k4" path="res://Scenes/Colony/Buildings/Pebble_Mine_Building_Scene.tscn" id="11_6sbj7"]
[ext_resource type="PackedScene" uid="uid://b0ok3h6300l" path="res://Scenes/Colony/Buildings/Fishing_Pond_Building_Scene.tscn" id="11_jdbgl"]
[ext_resource type="PackedScene" uid="uid://dhae8g3pohfph" path="res://Scenes/Colony/Buildings/Ice_Cream_Factory_Building.tscn" id="12_6sbj7"]
[ext_resource type="PackedScene" uid="uid://c0gsy02twtl64" path="res://Scenes/Player.tscn" id="13_6sbj7"]

[sub_resource type="ShaderMaterial" id="ShaderMaterial_o7e4v"]
render_priority = 0
shader = ExtResource("1_waglr")
shader_parameter/noise_texture = ExtResource("3_mvfa8")
shader_parameter/grain_texture = ExtResource("2_rwt1y")
shader_parameter/base_color = Vector3(0.286, 0.348, 0.47)
shader_parameter/blend_color = Vector3(0.181, 0.293, 0.615)
shader_parameter/sparkle_color = Vector3(0.21, 0.205, 50)
shader_parameter/sparkle_emissive = 1.0

[node name="World" type="Node3D" unique_id=1874026479]

[node name="CSGBox3D" type="CSGBox3D" parent="." unique_id=1543731571]
transform = Transform3D(3936.2793, 0, 0, 0, 1, 0, 0, 0, 3627.1162, -1.0252023, 0.13955164, 2.5183268)
material_override = SubResource("ShaderMaterial_o7e4v")

[node name="Light" parent="." unique_id=1450571092 instance=ExtResource("10_w86vl")]

[node name="Environment" type="Node3D" parent="." unique_id=1323123888]

[node name="SM_Tree_Pine_01" parent="Environment" unique_id=1475436749 instance=ExtResource("4_r0dna")]
transform = Transform3D(1, 0, 0, 0, 1, 0, 0, 0, 1, -2.9976218, 0.4008342, 11.623376)

[node name="SM_Tree_Pine_02" parent="Environment" unique_id=1766677823 instance=ExtResource("4_r0dna")]
transform = Transform3D(1, 0, 0, 0, 1, 0, 0, 0, 1, 0.958158, 0.4008342, 11.021386)

[node name="SM_Tree_Pine_06" parent="Environment" unique_id=578182979 instance=ExtResource("4_r0dna")]
transform = Transform3D(1, 0, 0, 0, 1, 0, 0, 0, 1, -12.393511, 0.4008342, 0.7143583)

[node name="SM_Tree_Pine_03" parent="Environment" unique_id=1366332905 instance=ExtResource("5_b5aes")]
transform = Transform3D(1, 0, 0, 0, 1, 0, 0, 0, 1, 17.13101, 0.41152525, -7.629942)

[node name="SM_Tree_Pine_05" parent="Environment" unique_id=1467761326 instance=ExtResource("5_b5aes")]
transform = Transform3D(1, 0, 0, 0, 1, 0, 0, 0, 1, 22.294514, 0.41152525, -2.6393785)

[node name="SM_Tree_Pine_04" parent="Environment" unique_id=648575233 instance=ExtResource("5_b5aes")]
transform = Transform3D(1, 0, 0, 0, 1, 0, 0, 0, 1, -26.20454, 0.41152525, -3.539713)

[node name="Colony" type="Node3D" parent="." unique_id=1395962971]
script = ExtResource("10_73dir")
metadata/_custom_type_script = "uid://cp26fooektfl2"

[node name="UpgradeLayer0" type="Node3D" parent="Colony" unique_id=838450215]

[node name="Paths" type="Node3D" parent="Colony/UpgradeLayer0" unique_id=729001229]

[node name="SM_Path_Small_01" parent="Colony/UpgradeLayer0/Paths" unique_id=1829901596 instance=ExtResource("7_0ao37")]
transform = Transform3D(0.9759396, 0, 0.21804103, 0, 1, 0, -0.21804103, 0, 0.9759396, -0.27114367, 0.5547466, 5.612448)

[node name="SM_Path_Small_06" parent="Colony/UpgradeLayer0/Paths" unique_id=1754211579 instance=ExtResource("7_0ao37")]
transform = Transform3D(0.93545634, 0, 0.3534422, 0, 1, 0, -0.3534422, 0, 0.93545634, -3.0387297, 0.5547466, 6.612531)

[node name="SM_Path_Small_07" parent="Colony/UpgradeLayer0/Paths" unique_id=1815323418 instance=ExtResource("7_0ao37")]
transform = Transform3D(0.9943676, 0, 0.10598643, 0, 1, 0, -0.10598643, 0, 0.9943676, -6.4492264, 0.5547466, 7.14994)

[node name="SM_Path_Small_13" parent="Colony/UpgradeLayer0/Paths" unique_id=1588407274 instance=ExtResource("7_0ao37")]
transform = Transform3D(0.9993537, 0, -0.03594601, 0, 1, 0, 0.03594601, 0, 0.9993537, -6.4492264, 0.5547466, 10.10671)

[node name="SM_Path_Small_14" parent="Colony/UpgradeLayer0/Paths" unique_id=1431936847 instance=ExtResource("7_0ao37")]
transform = Transform3D(0.9463792, 0, -0.3230587, 0, 1, 0, 0.3230587, 0, 0.9463792, -7.25232, 0.5547466, 12.920742)

[node name="SM_Path_Small_15" parent="Colony/UpgradeLayer0/Paths" unique_id=2077751890 instance=ExtResource("7_0ao37")]
transform = Transform3D(0.87414557, 0, -0.48566425, 0, 1, 0, 0.48566425, 0, 0.87414557, -8.727043, 0.5547466, 15.492437)

[node name="SM_Path_Small_08" parent="Colony/UpgradeLayer0/Paths" unique_id=1929070736 instance=ExtResource("7_0ao37")]
transform = Transform3D(0.9996193, 0, -0.027590118, 0, 1, 0, 0.027590118, 0, 0.9996193, -9.759569, 0.5547466, 6.9688306)

[node name="SM_Path_Small_09" parent="Colony/UpgradeLayer0/Paths" unique_id=644756558 instance=ExtResource("7_0ao37")]
transform = Transform3D(0.9934289, 0, -0.11445166, 0, 1, 0, 0.11445166, 0, 0.9934289, -12.884825, 0.5547466, 6.5217814)

[node name="SM_Path_Small_02" parent="Colony/UpgradeLayer0/Paths" unique_id=768236531 instance=ExtResource("7_0ao37")]
transform = Transform3D(0.11297771, 0, -0.9935975, 0, 1, 0, 0.9935975, 0, 0.11297771, 1.5287237, 0.51813936, 4.059497)

[node name="SM_Path_Small_03" parent="Colony/UpgradeLayer0/Paths" unique_id=51098494 instance=ExtResource("7_0ao37")]
transform = Transform3D(1, 0, 0, 0, 1, 0, 0, 0, 1, 5.432627, 0.5547466, 4.3963904)

[node name="SM_Path_Small_10" parent="Colony/UpgradeLayer0/Paths" unique_id=2085748653 instance=ExtResource("7_0ao37")]
transform = Transform3D(0.998513, 0, 0.0545145, 0, 1, 0, -0.0545145, 0, 0.998513, 5.432627, 0.5547466, 6.9823747)

[node name="SM_Path_Small_11" parent="Colony/UpgradeLayer0/Paths" unique_id=1787982467 instance=ExtResource("7_0ao37")]
transform = Transform3D(0.98875636, 0, 0.14953536, 0, 1, 0, -0.14953536, 0, 0.98875636, 5.9164863, 0.5547466, 9.77968)

[node name="SM_Path_Small_12" parent="Colony/UpgradeLayer0/Paths" unique_id=1167475130 instance=ExtResource("7_0ao37")]
transform = Transform3D(0.922491, 0, 0.3860188, 0, 1, 0, -0.3860188, 0, 0.922491, 6.834352, 0.5547466, 12.38607)

[node name="SM_Path_Small_04" parent="Colony/UpgradeLayer0/Paths" unique_id=1682689296 instance=ExtResource("7_0ao37")]
transform = Transform3D(-0.087886035, 0, -0.9961306, 0, 1, 0, 0.9961306, 0, -0.087886035, 7.36176, 0.51813936, 3.1593447)

[node name="SM_Path_Small_05" parent="Colony/UpgradeLayer0/Paths" unique_id=1501374120 instance=ExtResource("7_0ao37")]
transform = Transform3D(-0.087886035, 0, -0.9961306, 0, 1, 0, 0.9961306, 0, -0.087886035, 10.215001, 0.51813936, 3.1593447)

[node name="Buildings" type="Node3D" parent="Colony/UpgradeLayer0" unique_id=192629947]

[node name="FishingPondBuildingScene" parent="Colony/UpgradeLayer0/Buildings" unique_id=605454376 instance=ExtResource("11_jdbgl")]
transform = Transform3D(1, 0, 0, 0, 1, 0, 0, 0, 1, -18.540676, 0.9024608, 5.216177)

[node name="IglooBuildingScene" parent="Colony/UpgradeLayer0/Buildings" unique_id=1368820721 instance=ExtResource("10_qjxhu")]
transform = Transform3D(0.067579925, 0, 0.99771386, 0, 1, 0, -0.99771386, 0, 0.067579925, 14.51359, 0.9280715, 4.134337)

[node name="PebbleMineBuildingScene" parent="Colony/UpgradeLayer0/Buildings" unique_id=276015611 instance=ExtResource("11_6sbj7")]
transform = Transform3D(1, 0, 0, 0, 1, 0, 0, 0, 1, 7.9951982, 0.7089423, 15.588966)

[node name="IceCreamFactoryBuilding" parent="Colony/UpgradeLayer0/Buildings" unique_id=301192421 instance=ExtResource("12_6sbj7")]
transform = Transform3D(0.94669425, 0, -0.3221335, 0, 1, 0, 0.3221335, 0, 0.94669425, -8.826343, 0.45091462, 17.089489)

[node name="UpgradeLayer1" type="Node3D" parent="Colony" unique_id=119963285]

[node name="Paths" type="Node3D" parent="Colony/UpgradeLayer1" unique_id=1974677378]

[node name="SM_Path_Small_15" parent="Colony/UpgradeLayer1/Paths" unique_id=781243290 instance=ExtResource("7_0ao37")]
transform = Transform3D(0.87414557, 0, -0.48566425, 0, 1, 0, 0.48566425, 0, 0.87414557, -5.062785, 0.5547466, 15.089218)

[node name="SM_Path_Small_16" parent="Colony/UpgradeLayer1/Paths" unique_id=1965969822 instance=ExtResource("7_0ao37")]
transform = Transform3D(0.746406, 0, -0.6654909, 0, 1, 0, 0.6654909, 0, 0.746406, -2.5963836, 0.5547466, 16.750368)

[node name="SM_Path_Small_17" parent="Colony/UpgradeLayer1/Paths" unique_id=1129800551 instance=ExtResource("7_0ao37")]
transform = Transform3D(0.6034308, 0, -0.79741544, 0, 1, 0, 0.79741544, 0, 0.6034308, -0.47675323, 0.5547466, 18.978485)

[node name="SM_Path_Small_20" parent="Colony/UpgradeLayer1/Paths" unique_id=1989336516 instance=ExtResource("7_0ao37")]
transform = Transform3D(0.57036966, 0, -0.8213882, 0, 1, 0, 0.8213882, 0, 0.57036966, -2.6112773, 0.5547466, 20.917505)

[node name="SM_Path_Small_21" parent="Colony/UpgradeLayer1/Paths" unique_id=493158315 instance=ExtResource("7_0ao37")]
transform = Transform3D(0.46613973, 0, -0.8847112, 0, 1, 0, 0.8847112, 0, 0.46613973, -5.092496, 0.5547466, 22.3819)

[node name="SM_Path_Small_22" parent="Colony/UpgradeLayer1/Paths" unique_id=1725225717 instance=ExtResource("7_0ao37")]
transform = Transform3D(0.615579, 0, -0.7880751, 0, 1, 0, 0.7880751, 0, 0.615579, -7.1777277, 0.5547466, 24.155806)

[node name="SM_Path_Small_18" parent="Colony/UpgradeLayer1/Paths" unique_id=1989003265 instance=ExtResource("7_0ao37")]
transform = Transform3D(0.46851593, 0, -0.8834551, 0, 1, 0, 0.8834551, 0, 0.46851593, 1.0847926, 0.5547466, 21.43818)

[node name="SM_Path_Small_19" parent="Colony/UpgradeLayer1/Paths" unique_id=362630800 instance=ExtResource("7_0ao37")]
transform = Transform3D(0.3152185, 0, -0.94901913, 0, 1, 0, 0.94901913, 0, 0.3152185, 2.4806018, 0.5547466, 24.054113)

[node name="SM_Path_Small_23" parent="Colony/UpgradeLayer1/Paths" unique_id=2028835459 instance=ExtResource("7_0ao37")]
transform = Transform3D(0.987713, 0, -0.1562793, 0, 1, 0, 0.1562793, 0, 0.987713, -12.884825, 0.5547466, 9.444357)

[node name="SM_Path_Small_24" parent="Colony/UpgradeLayer1/Paths" unique_id=927589105 instance=ExtResource("7_0ao37")]
transform = Transform3D(0.9527623, 0, -0.30371708, 0, 1, 0, 0.30371708, 0, 0.9527623, -13.680944, 0.5547466, 12.238968)

[node name="SM_Path_Small_25" parent="Colony/UpgradeLayer1/Paths" unique_id=1511026901 instance=ExtResource("7_0ao37")]
transform = Transform3D(0.9203617, 0, -0.39106843, 0, 1, 0, 0.39106843, 0, 0.9203617, -14.469618, 0.5547466, 15.095659)

[node name="SM_Path_Small_26" parent="Colony/UpgradeLayer1/Paths" unique_id=1072442036 instance=ExtResource("7_0ao37")]
transform = Transform3D(0.8864381, 0, -0.46284735, 0, 1, 0, 0.46284735, 0, 0.8864381, -15.624725, 0.5547466, 17.82302)

[node name="SM_Path_Small_27" parent="Colony/UpgradeLayer1/Paths" unique_id=798158853 instance=ExtResource("7_0ao37")]
transform = Transform3D(0.8864381, 0, -0.46284735, 0, 1, 0, 0.46284735, 0, 0.8864381, -18.377419, 0.5547466, 16.375605)

[node name="SM_Path_Small_28" parent="Colony/UpgradeLayer1/Paths" unique_id=1938589800 instance=ExtResource("7_0ao37")]
transform = Transform3D(0.9236791, 0, -0.38316703, 0, 1, 0, 0.38316703, 0, 0.9236791, -21.040173, 0.5547466, 15.092583)

[node name="SM_Path_Small_29" parent="Colony/UpgradeLayer1/Paths" unique_id=1669815262 instance=ExtResource("7_0ao37")]
transform = Transform3D(0.94665843, -0.0023245877, -0.32223055, 0.000765692, 0.99998736, -0.004964445, 0.32223806, 0.0044528954, 0.94664824, -20.495935, 0.5547466, 18.17903)

[node name="SM_Path_Small_30" parent="Colony/UpgradeLayer1/Paths" unique_id=279326446 instance=ExtResource("7_0ao37")]
transform = Transform3D(0.99005324, 0, -0.14069384, 0, 1, 0, 0.14069384, 0, 0.99005324, -20.79479, 0.5547466, 20.687704)

[node name="SM_Path_Small_31" parent="Colony/UpgradeLayer1/Paths" unique_id=782585722 instance=ExtResource("7_0ao37")]
transform = Transform3D(0.996281, 0, -0.08616461, 0, 1, 0, 0.08616461, 0, 0.996281, -21.058218, 0.5547466, 23.475414)

[node name="SM_Path_Small_32" parent="Colony/UpgradeLayer1/Paths" unique_id=1798249623 instance=ExtResource("7_0ao37")]
transform = Transform3D(0.9854288, 0, -0.17008893, 0, 1, 0, 0.17008893, 0, 0.9854288, -23.903337, 0.5547466, 14.099558)

[node name="SM_Path_Small_33" parent="Colony/UpgradeLayer1/Paths" unique_id=1784721337 instance=ExtResource("7_0ao37")]
transform = Transform3D(0.99998415, 0, 0.0056550503, 0, 1, 0, -0.0056550503, 0, 0.99998415, -26.932844, 0.5547466, 13.765006)

[node name="SM_Path_Small_34" parent="Colony/UpgradeLayer1/Paths" unique_id=2016077165 instance=ExtResource("7_0ao37")]
transform = Transform3D(0.9546933, 0, 0.2975915, 0, 1, 0, -0.2975915, 0, 0.9546933, 9.680505, 0.5547466, 11.214877)

[node name="SM_Path_Small_35" parent="Colony/UpgradeLayer1/Paths" unique_id=631367529 instance=ExtResource("7_0ao37")]
transform = Transform3D(0.98743856, 0, 0.15800296, 0, 1, 0, -0.15800296, 0, 0.98743856, 12.596179, 0.5547466, 10.595292)

[node name="SM_Path_Small_36" parent="Colony/UpgradeLayer1/Paths" unique_id=1531759122 instance=ExtResource("7_0ao37")]
transform = Transform3D(0.99997205, 0, 0.0074874163, 0, 1, 0, -0.0074874163, 0, 0.99997205, 15.533027, 0.5547466, 10.3418)

[node name="SM_Path_Small_37" parent="Colony/UpgradeLayer1/Paths" unique_id=13683869 instance=ExtResource("7_0ao37")]
transform = Transform3D(0.9985101, 0, 0.054566808, 0, 1, 0, -0.054566808, 0, 0.9985101, 16.84512, 0.5547466, 13.187661)

[node name="SM_Path_Small_38" parent="Colony/UpgradeLayer1/Paths" unique_id=1099199320 instance=ExtResource("7_0ao37")]
transform = Transform3D(0.99072415, 0, 0.13588852, 0, 1, 0, -0.13588852, 0, 0.99072415, 17.255928, 0.5547466, 16.240465)

[node name="SM_Path_Small_39" parent="Colony/UpgradeLayer1/Paths" unique_id=617462836 instance=ExtResource("7_0ao37")]
transform = Transform3D(0.9751996, 0, 0.22132726, 0, 1, 0, -0.22132726, 0, 0.9751996, 17.999567, 0.5547466, 19.019098)

[node name="SM_Path_Small_40" parent="Colony/UpgradeLayer1/Paths" unique_id=131451870 instance=ExtResource("7_0ao37")]
transform = Transform3D(0.9890468, 0, 0.14760229, 0, 1, 0, -0.14760229, 0, 0.9890468, 18.514734, 0.5547466, 21.941687)

[node name="SM_Path_Small_41" parent="Colony/UpgradeLayer1/Paths" unique_id=1348955263 instance=ExtResource("7_0ao37")]
transform = Transform3D(0.9992222, 0, 0.03943423, 0, 1, 0, -0.03943423, 0, 0.9992222, 18.678432, 0.5547466, 24.80752)

[node name="SM_Path_Small_42" parent="Colony/UpgradeLayer1/Paths" unique_id=462252596 instance=ExtResource("7_0ao37")]
transform = Transform3D(0.9945365, 0, -0.10438958, 0, 1, 0, 0.10438958, 0, 0.9945365, 18.539726, 0.5547466, 10.435635)

[node name="SM_Path_Small_43" parent="Colony/UpgradeLayer1/Paths" unique_id=1915395889 instance=ExtResource("7_0ao37")]
transform = Transform3D(0.97859883, 0, -0.20577717, 0, 1, 0, 0.20577717, 0, 0.97859883, 21.631563, 0.5547466, 11.083471)

[node name="Buildings" type="Node3D" parent="Colony/UpgradeLayer1" unique_id=627623947]

[node name="IceCreamFactoryBuilding" parent="Colony/UpgradeLayer1/Buildings" unique_id=1205319648 instance=ExtResource("12_6sbj7")]
transform = Transform3D(0.2825591, 0, 0.95924985, 0, 1, 0, -0.95924985, 0, 0.2825591, 24.37681, 0.51894593, 10.77726)

[node name="IglooBuildingScene" parent="Colony/UpgradeLayer1/Buildings" unique_id=1533510027 instance=ExtResource("10_qjxhu")]
transform = Transform3D(-0.21778549, 0, -0.9759967, 0, 1, 0, 0.9759967, 0, -0.21778549, -29.963017, 0.8444004, 10.709141)

[node name="FishingPondBuildingScene" parent="Colony/UpgradeLayer1/Buildings" unique_id=2141027448 instance=ExtResource("11_jdbgl")]
transform = Transform3D(0.55027676, 0, 0.83498234, 0, 1, 0, -0.83498234, 0, 0.55027676, 19.318447, 0.8855591, 29.302761)

[node name="IglooBuildingScene2" parent="Colony/UpgradeLayer1/Buildings" unique_id=981589138 instance=ExtResource("10_qjxhu")]
transform = Transform3D(0.987732, 0, 0.15615864, 0, 1, 0, -0.15615864, 0, 0.987732, 2.0901945, 0.89315987, 27.44027)

[node name="PebbleMineBuildingScene" parent="Colony/UpgradeLayer1/Buildings" unique_id=1249051303 instance=ExtResource("11_6sbj7")]
transform = Transform3D(0.42478415, 0, 0.90529466, 0, 1, 0, -0.90529466, 0, 0.42478415, -21.728024, 0.58654284, 26.490036)

[node name="FishingPondBuildingScene2" parent="Colony/UpgradeLayer1/Buildings" unique_id=934942977 instance=ExtResource("11_jdbgl")]
transform = Transform3D(0.91270584, 0, 0.40861723, 0, 1, 0, -0.40861723, 0, 0.91270584, -10.823319, 0.8458781, 26.987627)

[node name="UpgradeLayer2" type="Node3D" parent="Colony" unique_id=1759345791]

[node name="Paths" type="Node3D" parent="Colony/UpgradeLayer2" unique_id=242046318]

[node name="SM_Path_Small_44" parent="Colony/UpgradeLayer2/Paths" unique_id=1917837832 instance=ExtResource("7_0ao37")]
transform = Transform3D(0.998626, 0, 0.052405875, 0, 1, 0, -0.052405875, 0, 0.998626, -24.773455, 0.5547466, 11.202042)

[node name="SM_Path_Small_45" parent="Colony/UpgradeLayer2/Paths" unique_id=193419723 instance=ExtResource("7_0ao37")]
transform = Transform3D(0.984494, 0, 0.17541845, 0, 1, 0, -0.17541845, 0, 0.984494, -24.952202, 0.5547466, 8.368229)

[node name="SM_Path_Small_46" parent="Colony/UpgradeLayer2/Paths" unique_id=870515248 instance=ExtResource("7_0ao37")]
transform = Transform3D(0.942151, 0, 0.33518866, 0, 1, 0, -0.33518866, 0, 0.942151, -25.644499, 0.5547466, 5.5002236)

[node name="SM_Path_Small_47" parent="Colony/UpgradeLayer2/Paths" unique_id=1848128579 instance=ExtResource("7_0ao37")]
transform = Transform3D(0.8450099, 0, 0.5347508, 0, 1, 0, -0.5347508, 0, 0.8450099, -26.860956, 0.55462456, 2.8168015)

[node name="SM_Path_Small_48" parent="Colony/UpgradeLayer2/Paths" unique_id=503604933 instance=ExtResource("7_0ao37")]
transform = Transform3D(0.7318533, 0, 0.6814623, 0, 1, 0, -0.6814623, 0, 0.7318533, -28.409126, 0.55462456, 0.5609422)

[node name="SM_Path_Small_49" parent="Colony/UpgradeLayer2/Paths" unique_id=1509265637 instance=ExtResource("7_0ao37")]
transform = Transform3D(0.6012014, 0, 0.79909766, 0, 1, 0, -0.79909766, 0, 0.6012014, -30.420357, 0.55462456, -1.4211287)

[node name="SM_Path_Small_50" parent="Colony/UpgradeLayer2/Paths" unique_id=1054704315 instance=ExtResource("7_0ao37")]
transform = Transform3D(0.5242087, 0, 0.8515899, 0, 1, 0, -0.8515899, 0, 0.5242087, -32.71447, 0.55462456, -2.9045577)

[node name="SM_Path_Small_52" parent="Colony/UpgradeLayer2/Paths" unique_id=2124676958 instance=ExtResource("7_0ao37")]
transform = Transform3D(0.60508543, 0, 0.79616064, 0, 1, 0, -0.79616064, 0, 0.60508543, -33.582054, 0.55462456, 0.09361124)

[node name="SM_Path_Small_53" parent="Colony/UpgradeLayer2/Paths" unique_id=963740204 instance=ExtResource("7_0ao37")]
transform = Transform3D(0.49351677, 0, 0.8697364, 0, 1, 0, -0.8697364, 0, 0.49351677, -35.07082, 0.55462503, 2.4254837)

[node name="SM_Path_Small_54" parent="Colony/UpgradeLayer2/Paths" unique_id=1078508151 instance=ExtResource("7_0ao37")]
transform = Transform3D(0.39708367, 0, 0.9177826, 0, 1, 0, -0.9177826, 0, 0.39708367, -36.35918, 0.55462503, 4.8942947)

[node name="SM_Path_Small_55" parent="Colony/UpgradeLayer2/Paths" unique_id=1566696546 instance=ExtResource("7_0ao37")]
transform = Transform3D(0.30406612, 0, 0.9526511, 0, 1, 0, -0.9526511, 0, 0.30406612, -37.390186, 0.55462503, 7.598091)

[node name="SM_Path_Small_56" parent="Colony/UpgradeLayer2/Paths" unique_id=68164202 instance=ExtResource("7_0ao37")]
transform = Transform3D(0.2072627, 0, 0.9782855, 0, 1, 0, -0.9782855, 0, 0.2072627, -38.209187, 0.55462503, 10.223885)

[node name="SM_Path_Small_57" parent="Colony/UpgradeLayer2/Paths" unique_id=381219381 instance=ExtResource("7_0ao37")]
transform = Transform3D(0.10033213, -0.0012604794, 0.9949533, -0.00017855683, 0.99999917, 0.0012848758, -0.99495405, -0.0003065603, 0.10033182, -38.77599, 0.55462503, 12.982918)

[node name="SM_Path_Small_58" parent="Colony/UpgradeLayer2/Paths" unique_id=516723063 instance=ExtResource("7_0ao37")]
transform = Transform3D(-0.0048119277, -0.0012857213, 0.99998766, -0.00017855686, 0.99999917, 0.0012848756, -0.99998844, -0.00017236201, -0.004812155, -38.976414, 0.55462503, 15.805061)

[node name="SM_Path_Small_60" parent="Colony/UpgradeLayer2/Paths" unique_id=576226170 instance=ExtResource("7_0ao37")]
transform = Transform3D(-0.060834337, -0.001293359, 0.9981471, -0.00017855685, 0.99999917, 0.0012848756, -0.9981479, -0.00010005146, -0.06083452, -38.959644, 0.55462503, 18.650948)

[node name="SM_Path_Small_68" parent="Colony/UpgradeLayer2/Paths" unique_id=460704385 instance=ExtResource("7_0ao37")]
transform = Transform3D(-0.15028949, -0.0012971171, 0.98864114, -0.00017855685, 0.99999917, 0.0012848756, -0.98864204, 1.6584658e-05, -0.15028961, -38.699512, 0.55462503, 21.526741)

[node name="SM_Path_Small_69" parent="Colony/UpgradeLayer2/Paths" unique_id=312573724 instance=ExtResource("7_0ao37")]
transform = Transform3D(-0.2659549, -0.0012860881, 0.9639846, -0.00017855676, 0.99999917, 0.0012848756, -0.96398544, 0.00016960289, -0.26595494, -38.01015, 0.55462503, 24.281746)

[node name="SM_Path_Small_70" parent="Colony/UpgradeLayer2/Paths" unique_id=1220845695 instance=ExtResource("7_0ao37")]
transform = Transform3D(-0.16574821, -0.0012966983, 0.98616725, -0.0001785567, 0.99999917, 0.0012848756, -0.9861681, 3.6888945e-05, -0.16574833, -37.312428, 0.55462503, 27.595345)

[node name="SM_Path_Small_71" parent="Colony/UpgradeLayer2/Paths" unique_id=961950009 instance=ExtResource("7_0ao37")]
transform = Transform3D(-0.07055215, -0.0012942719, 0.9975072, -0.00017855669, 0.99999917, 0.0012848756, -0.99750805, -8.745095e-05, -0.070552364, -36.88579, 0.55462503, 30.784431)

[node name="SM_Path_Small_72" parent="Colony/UpgradeLayer2/Paths" unique_id=2146733027 instance=ExtResource("7_0ao37")]
transform = Transform3D(-0.022245903, -0.0012885309, 0.9997517, -0.00017855669, 0.9999993, 0.0012848756, -0.9997525, -0.00014991924, -0.02224616, -36.6357, 0.5692735, 34.045845)

[node name="SM_Path_Small_74" parent="Colony/UpgradeLayer2/Paths" unique_id=1619866231 instance=ExtResource("7_0ao37")]
transform = Transform3D(0.064746514, -0.0012706205, 0.99790096, -0.00017855669, 0.9999993, 0.0012848754, -0.99790174, -0.0002613633, 0.06474618, -33.799488, 0.5692735, 34.017097)

[node name="SM_Path_Small_75" parent="Colony/UpgradeLayer2/Paths" unique_id=1142796194 instance=ExtResource("7_0ao37")]
transform = Transform3D(0.13167334, -0.0012501797, 0.9912924, -0.00017855669, 0.9999994, 0.0012848757, -0.99129313, -0.0003461761, 0.13167295, -30.995792, 0.5692735, 34.239265)

[node name="SM_Path_Small_76" parent="Colony/UpgradeLayer2/Paths" unique_id=2142995999 instance=ExtResource("7_0ao37")]
transform = Transform3D(-0.061339468, -0.001293409, 0.998116, -0.00017855667, 0.99999946, 0.0012848757, -0.99811685, -9.939676e-05, -0.061339714, -28.249546, 0.5692735, 34.090645)

[node name="SM_Path_Small_82" parent="Colony/UpgradeLayer2/Paths" unique_id=171445749 instance=ExtResource("7_0ao37")]
transform = Transform3D(-0.0061382987, -0.0012859482, 0.9999802, -0.00017855667, 0.99999946, 0.0012848756, -0.999981, -0.0001706563, -0.006138582, -27.080616, 0.5692735, 37.046577)

[node name="SM_Path_Small_83" parent="Colony/UpgradeLayer2/Paths" unique_id=1065640949 instance=ExtResource("7_0ao37")]
transform = Transform3D(0.05788286, -0.0012723872, 0.9983224, -0.00017855667, 0.99999946, 0.0012848757, -0.9983232, -0.00025261962, 0.057882525, -27.196888, 0.5692735, 40.12391)

[node name="SM_Path_Small_101" parent="Colony/UpgradeLayer2/Paths" unique_id=132500447 instance=ExtResource("7_0ao37")]
transform = Transform3D(0.120939, -0.0012538518, 0.992659, -0.00017855669, 0.99999946, 0.0012848758, -0.9926597, -0.00033262774, 0.1209386, -27.716724, 0.5692735, 43.24012)

[node name="SM_Path_Small_103" parent="Colony/UpgradeLayer2/Paths" unique_id=728311447 instance=ExtResource("7_0ao37")]
transform = Transform3D(0.05762152, -0.0012724533, 0.9983377, -0.00017855674, 0.9999996, 0.0012848759, -0.9983384, -0.0002522865, 0.057621162, -24.857578, 0.5692735, 41.89411)

[node name="SM_Path_Small_104" parent="Colony/UpgradeLayer2/Paths" unique_id=1100143039 instance=ExtResource("7_0ao37")]
transform = Transform3D(0.122463495, -0.0012533396, 0.9924722, -0.00017855673, 0.9999996, 0.0012848761, -0.99247277, -0.0003345531, 0.12246307, -22.058079, 0.5692735, 42.106453)

[node name="SM_Path_Small_105" parent="Colony/UpgradeLayer2/Paths" unique_id=666609373 instance=ExtResource("7_0ao37")]
transform = Transform3D(0.053073205, -0.0012735894, 0.99858975, -0.0001785567, 0.9999996, 0.0012848761, -0.99859035, -0.0002464874, 0.053072818, -19.281452, 0.5692735, 42.123665)

[node name="SM_Path_Small_102" parent="Colony/UpgradeLayer2/Paths" unique_id=2024967694 instance=ExtResource("7_0ao37")]
transform = Transform3D(0.24746063, -0.0012007307, 0.96889704, -0.0001785567, 0.99999946, 0.0012848758, -0.96889764, -0.0004909498, 0.24746014, -28.29633, 0.5692735, 46.392952)

[node name="SM_Path_Small_77" parent="Colony/UpgradeLayer2/Paths" unique_id=1298533505 instance=ExtResource("7_0ao37")]
transform = Transform3D(-0.15977263, -0.0012968975, 0.9871529, -0.00017855667, 0.99999946, 0.0012848756, -0.9871537, 2.903513e-05, -0.1597728, -25.522099, 0.5692735, 33.672127)

[node name="SM_Path_Small_78" parent="Colony/UpgradeLayer2/Paths" unique_id=830806749 instance=ExtResource("7_0ao37")]
transform = Transform3D(-0.14882256, -0.0012971396, 0.9888629, -0.00017855664, 0.99999946, 0.0012848754, -0.98886377, 1.4660349e-05, -0.14882275, -22.740116, 0.5692735, 33.16767)

[node name="SM_Path_Small_79" parent="Colony/UpgradeLayer2/Paths" unique_id=681032242 instance=ExtResource("7_0ao37")]
transform = Transform3D(-0.050971158, -0.0012923068, 0.9986991, -0.00017855663, 0.99999946, 0.0012848756, -0.99869996, -0.00011282284, -0.05097144, -19.947803, 0.5692735, 32.866463)

[node name="SM_Path_Small_80" parent="Colony/UpgradeLayer2/Paths" unique_id=1096997611 instance=ExtResource("7_0ao37")]
transform = Transform3D(0.025972836, -0.0012798054, 0.9996618, -0.00017855663, 0.9999996, 0.0012848758, -0.9996626, -0.00021185825, 0.025972486, -17.115345, 0.5692735, 32.776436)

[node name="SM_Path_Small_81" parent="Colony/UpgradeLayer2/Paths" unique_id=990745421 instance=ExtResource("7_0ao37")]
transform = Transform3D(0.11520243, -0.0012557526, 0.9933412, -0.00017855663, 0.9999996, 0.0012848758, -0.993342, -0.00032537873, 0.11520201, -14.303257, 0.5692735, 32.969063)

[node name="SM_Path_Small_84" parent="Colony/UpgradeLayer2/Paths" unique_id=347699358 instance=ExtResource("7_0ao37")]
transform = Transform3D(0.21322298, -0.0012172582, 0.9770026, -0.00017855671, 0.9999996, 0.0012848758, -0.9770034, -0.00044840595, 0.21322264, -11.541386, 0.5692735, 33.38764)

[node name="SM_Path_Small_85" parent="Colony/UpgradeLayer2/Paths" unique_id=472497187 instance=ExtResource("7_0ao37")]
transform = Transform3D(0.29887912, -0.0011727815, 0.95429003, -0.00017855674, 0.9999996, 0.0012848757, -0.95429075, -0.0005544082, 0.2988787, -8.889912, 0.5692735, 34.0857)

[node name="SM_Path_Small_86" parent="Colony/UpgradeLayer2/Paths" unique_id=1759017212 instance=ExtResource("7_0ao37")]
transform = Transform3D(0.3536265, -0.0011387167, 0.93538576, -0.00017855674, 0.9999996, 0.0012848757, -0.9353864, -0.00062137656, 0.3536261, -6.249241, 0.5692735, 35.00361)

[node name="SM_Path_Small_87" parent="Colony/UpgradeLayer2/Paths" unique_id=1640782246 instance=ExtResource("7_0ao37")]
transform = Transform3D(0.44345117, -0.0010724553, 0.8962976, -0.00017855673, 0.9999997, 0.0012848758, -0.8962982, -0.0007298111, 0.4434507, -3.692707, 0.5692735, 36.101936)

[node name="SM_Path_Small_88" parent="Colony/UpgradeLayer2/Paths" unique_id=925887399 instance=ExtResource("7_0ao37")]
transform = Transform3D(0.4699536, -0.0010502394, 0.8826902, -0.00017855679, 0.9999997, 0.0012848758, -0.8826908, -0.00076143385, 0.46995315, -1.2772102, 0.5692735, 37.36756)

[node name="SM_Path_Small_89" parent="Colony/UpgradeLayer2/Paths" unique_id=526279785 instance=ExtResource("7_0ao37")]
transform = Transform3D(0.40112114, -0.0011053594, 0.9160241, -0.00017855674, 0.9999998, 0.001284876, -0.9160248, -0.0006789445, 0.40112084, 1.3001213, 0.5692735, 38.42878)

[node name="SM_Path_Small_90" parent="Colony/UpgradeLayer2/Paths" unique_id=1639323255 instance=ExtResource("7_0ao37")]
transform = Transform3D(0.31414637, -0.0011637387, 0.9493736, -0.00017855674, 0.9999998, 0.001284876, -0.9493744, -0.00057314715, 0.3141461, 4.0266685, 0.5692735, 39.174934)

[node name="SM_Path_Small_91" parent="Colony/UpgradeLayer2/Paths" unique_id=1439055131 instance=ExtResource("7_0ao37")]
transform = Transform3D(0.23591036, -0.0012064892, 0.97177386, -0.0001785568, 0.9999998, 0.0012848759, -0.97177476, -0.00047662295, 0.23591009, 6.6362724, 0.5692735, 39.748543)

[node name="SM_Path_Small_93" parent="Colony/UpgradeLayer2/Paths" unique_id=410442540 instance=ExtResource("7_0ao37")]
transform = Transform3D(0.23591036, -0.0012064892, 0.97177386, -0.0001785568, 0.9999998, 0.0012848759, -0.97177476, -0.00047662295, 0.23591009, 5.3852806, 0.5692735, 36.301033)

[node name="SM_Path_Small_94" parent="Colony/UpgradeLayer2/Paths" unique_id=662335181 instance=ExtResource("7_0ao37")]
transform = Transform3D(0.27983385, -0.00118358, 0.9600474, -0.00017855686, 1, 0.0012848759, -0.96004844, -0.0005309657, 0.27983356, 6.202465, 0.5692735, 33.504036)

[node name="SM_Path_Small_95" parent="Colony/UpgradeLayer2/Paths" unique_id=547973495 instance=ExtResource("7_0ao37")]
transform = Transform3D(0.3433694, -0.001145449, 0.93919945, -0.00017855686, 1, 0.0012848758, -0.93920046, -0.0006088787, 0.343369, 7.1399803, 0.5692735, 30.621529)

[node name="SM_Path_Small_96" parent="Colony/UpgradeLayer2/Paths" unique_id=639482576 instance=ExtResource("7_0ao37")]
transform = Transform3D(0.43103552, -0.0010824292, 0.90233415, -0.00017855682, 1, 0.0012848759, -0.90233505, -0.0007149366, 0.43103495, 8.249859, 0.5692735, 27.944283)

[node name="SM_Path_Small_97" parent="Colony/UpgradeLayer2/Paths" unique_id=720202729 instance=ExtResource("7_0ao37")]
transform = Transform3D(0.4765803, -0.001044483, 0.8791302, -0.00017855682, 1, 0.0012848759, -0.879131, -0.0007693129, 0.47657967, 9.660198, 0.5692735, 25.384651)

[node name="SM_Path_Small_98" parent="Colony/UpgradeLayer2/Paths" unique_id=633031893 instance=ExtResource("7_0ao37")]
transform = Transform3D(0.5898631, -0.0009322239, 0.8075026, -0.00017855677, 1, 0.0012848757, -0.8075034, -0.00090207846, 0.5898624, 11.373684, 0.5692735, 23.018257)

[node name="SM_Path_Small_99" parent="Colony/UpgradeLayer2/Paths" unique_id=689575515 instance=ExtResource("7_0ao37")]
transform = Transform3D(0.7740424, -0.0006752959, 0.6331334, -0.00017855696, 0.99999994, 0.0012848757, -0.63313377, -0.0011075927, 0.7740414, 13.1828575, 0.5692735, 20.914864)

[node name="SM_Path_Small_100" parent="Colony/UpgradeLayer2/Paths" unique_id=1596668327 instance=ExtResource("7_0ao37")]
transform = Transform3D(0.9545336, -0.00021259676, 0.2981031, -0.0001785569, 0.99999994, 0.0012848757, -0.29810315, -0.0012796833, 0.9545326, 15.389919, 0.5692735, 19.624947)

[node name="SM_Path_Small_92" parent="Colony/UpgradeLayer2/Paths" unique_id=1616752687 instance=ExtResource("7_0ao37")]
transform = Transform3D(0.23591036, -0.0012064892, 0.97177386, -0.0001785568, 0.9999998, 0.0012848759, -0.97177476, -0.00047662295, 0.23591009, 9.242657, 0.5692735, 40.34516)

[node name="SM_Path_Small_106" parent="Colony/UpgradeLayer2/Paths" unique_id=909308522 instance=ExtResource("7_0ao37")]
transform = Transform3D(0.09647621, -0.001261657, 0.9953343, -0.00017855682, 0.99999994, 0.001284876, -0.99533534, -0.00030167404, 0.09647609, 12.045086, 0.5692735, 40.61866)

[node name="SM_Path_Small_107" parent="Colony/UpgradeLayer2/Paths" unique_id=1920247103 instance=ExtResource("7_0ao37")]
transform = Transform3D(-0.014393404, -0.0012873127, 0.99989545, -0.00017855682, 0.99999994, 0.001284876, -0.99989647, -0.0001600347, -0.014393412, 14.875271, 0.5692735, 40.5243)

[node name="SM_Path_Small_108" parent="Colony/UpgradeLayer2/Paths" unique_id=482851658 instance=ExtResource("7_0ao37")]
transform = Transform3D(-0.122089535, -0.0012970624, 0.99251807, -0.00017855685, 1, 0.0012848763, -0.99251914, -2.034134e-05, -0.122089416, 17.585995, 0.5692735, 40.17048)

[node name="SM_Path_Small_132" parent="Colony/UpgradeLayer2/Paths" unique_id=62458397 instance=ExtResource("7_0ao37")]
transform = Transform3D(-0.0267651, -0.0012891942, 0.9996407, -0.00017855686, 1, 0.0012848763, -0.9996418, -0.00014409311, -0.026765086, 16.290073, 0.5692735, 43.37287)

[node name="SM_Path_Small_133" parent="Colony/UpgradeLayer2/Paths" unique_id=389438001 instance=ExtResource("7_0ao37")]
transform = Transform3D(0.02686244, -0.0012796159, 0.9996381, -0.00017855687, 1.0000001, 0.0012848765, -0.99963915, -0.00021299734, 0.0268624, 16.26437, 0.5692735, 46.47663)

[node name="SM_Path_Small_109" parent="Colony/UpgradeLayer2/Paths" unique_id=1341842109 instance=ExtResource("7_0ao37")]
transform = Transform3D(-0.2073092, -0.0012939769, 0.9782744, -0.00017855682, 1, 0.0012848761, -0.9782755, 9.16985e-05, -0.20730898, 20.184841, 0.5691514, 39.532295)

[node name="SM_Path_Small_110" parent="Colony/UpgradeLayer2/Paths" unique_id=1371189023 instance=ExtResource("7_0ao37")]
transform = Transform3D(-0.31782952, -0.0012749998, 0.948147, -0.0001785568, 1.0000001, 0.0012848763, -0.948148, 0.00023908247, -0.31782913, 22.524632, 0.5692735, 38.62696)

[node name="SM_Path_Small_111" parent="Colony/UpgradeLayer2/Paths" unique_id=723531531 instance=ExtResource("7_0ao37")]
transform = Transform3D(-0.46143457, -0.0012222965, 0.88717335, -0.000178557, 1.0000001, 0.0012848767, -0.8871743, 0.00043448378, -0.46143407, 24.797626, 0.5692735, 37.5373)

[node name="SM_Path_Small_127" parent="Colony/UpgradeLayer2/Paths" unique_id=1608885173 instance=ExtResource("7_0ao37")]
transform = Transform3D(-0.46143457, -0.0012222965, 0.88717335, -0.000178557, 1.0000001, 0.0012848767, -0.8871743, 0.00043448378, -0.46143407, 27.079357, 0.5692735, 36.242867)

[node name="SM_Path_Small_112" parent="Colony/UpgradeLayer2/Paths" unique_id=445866916 instance=ExtResource("7_0ao37")]
transform = Transform3D(-0.54130787, -0.001177004, 0.84082353, -0.00017855693, 1.0000001, 0.0012848766, -0.8408246, 0.0005453868, -0.54130733, 28.987911, 0.5692735, 34.744453)

[node name="SM_Path_Small_113" parent="Colony/UpgradeLayer2/Paths" unique_id=1416662301 instance=ExtResource("7_0ao37")]
transform = Transform3D(-0.6245575, -0.0011149737, 0.78097796, -0.00017855693, 1.0000001, 0.0012848766, -0.7809789, 0.00066303747, -0.62455684, 31.052738, 0.5692735, 33.116035)

[node name="SM_Path_Small_114" parent="Colony/UpgradeLayer2/Paths" unique_id=623984236 instance=ExtResource("7_0ao37")]
transform = Transform3D(-0.71594536, -0.0010248744, 0.69815576, -0.00017855693, 1.0000001, 0.0012848766, -0.6981566, 0.0007952472, -0.7159446, 32.808826, 0.5692735, 31.316475)

[node name="SM_Path_Small_129" parent="Colony/UpgradeLayer2/Paths" unique_id=493649599 instance=ExtResource("7_0ao37")]
transform = Transform3D(-0.6987616, -0.001043904, 0.715354, -0.00017855693, 1.0000001, 0.0012848766, -0.71535486, 0.0007700974, -0.69876075, 35.155735, 0.5692735, 33.26069)

[node name="SM_Path_Small_130" parent="Colony/UpgradeLayer2/Paths" unique_id=1454560846 instance=ExtResource("7_0ao37")]
transform = Transform3D(-0.67320275, -0.0010703101, 0.7394573, -0.00017855725, 1.0000001, 0.0012848767, -0.73945826, 0.00073295366, -0.6732018, 37.275093, 0.5692735, 35.388252)

[node name="SM_Path_Small_131" parent="Colony/UpgradeLayer2/Paths" unique_id=2007623551 instance=ExtResource("7_0ao37")]
transform = Transform3D(-0.64140594, -0.0011002801, 0.76720095, -0.0001785573, 1.0000001, 0.0012848767, -0.7672018, 0.0006871452, -0.6414049, 39.341152, 0.5692735, 37.594368)

[node name="SM_Path_Small_115" parent="Colony/UpgradeLayer2/Paths" unique_id=1170174249 instance=ExtResource("7_0ao37")]
transform = Transform3D(-0.7896919, -0.00092927355, 0.61350316, -0.00017855693, 1.0000001, 0.0012848766, -0.6135038, 0.00090511685, -0.789691, 34.538265, 0.5692735, 29.207344)

[node name="SM_Path_Small_116" parent="Colony/UpgradeLayer2/Paths" unique_id=1742612729 instance=ExtResource("7_0ao37")]
transform = Transform3D(-0.86017036, -0.0008088764, 0.51000625, -0.00017855708, 1.0000001, 0.0012848764, -0.51000684, 0.001014152, -0.8601694, 35.97636, 0.5692735, 27.034737)

[node name="SM_Path_Small_117" parent="Colony/UpgradeLayer2/Paths" unique_id=1360444001 instance=ExtResource("7_0ao37")]
transform = Transform3D(-0.93364495, 0.0006719561, 0.35819915, 0.0011577175, 0.9999996, 0.0011417009, -0.35819775, 0.0014806269, -0.9336441, 37.065266, 0.5692735, 24.543526)

[node name="SM_Path_Small_118" parent="Colony/UpgradeLayer2/Paths" unique_id=1219160624 instance=ExtResource("7_0ao37")]
transform = Transform3D(-0.9736812, -0.00046668894, 0.22791353, -0.00017855714, 1.0000001, 0.0012848764, -0.22791374, 0.0012103661, -0.97368014, 37.76121, 0.5692735, 21.902107)

[node name="SM_Path_Small_119" parent="Colony/UpgradeLayer2/Paths" unique_id=1227622483 instance=ExtResource("7_0ao37")]
transform = Transform3D(-0.96688443, -0.00050055305, 0.25521392, -0.00017855714, 1.0000001, 0.0012848764, -0.25521415, 0.0011967587, -0.9668834, 38.512226, 0.5692735, 19.259346)

[node name="SM_Path_Small_121" parent="Colony/UpgradeLayer2/Paths" unique_id=1779392092 instance=ExtResource("7_0ao37")]
transform = Transform3D(-0.99322796, -2.8060487e-05, -0.116180405, -0.00017855708, 1.0000002, 0.0012848765, 0.116180524, 0.001296918, -0.9932269, 20.623882, 0.5692735, 16.769966)

[node name="SM_Path_Small_122" parent="Colony/UpgradeLayer2/Paths" unique_id=1158280963 instance=ExtResource("7_0ao37")]
transform = Transform3D(-0.9988045, -0.00011552925, -0.048879728, -0.00017855705, 1.0000004, 0.0012848765, 0.04887978, 0.0012920671, -0.99880356, 23.613682, 0.5692735, 16.565193)

[node name="SM_Path_Small_123" parent="Colony/UpgradeLayer2/Paths" unique_id=1206133308 instance=ExtResource("7_0ao37")]
transform = Transform3D(-0.99974346, -0.00020759074, 0.022639818, -0.00017855706, 1.0000005, 0.0012848766, -0.02263984, 0.0012805039, -0.9997425, 26.640156, 0.5692735, 16.700691)

[node name="SM_Path_Small_124" parent="Colony/UpgradeLayer2/Paths" unique_id=1031212844 instance=ExtResource("7_0ao37")]
transform = Transform3D(-0.99472713, -0.00030937523, 0.10255419, -0.00017855708, 1.0000004, 0.0012848765, -0.102554284, 0.00125979, -0.9947262, 29.652431, 0.5692735, 17.130257)

[node name="SM_Path_Small_128" parent="Colony/UpgradeLayer2/Paths" unique_id=1639655536 instance=ExtResource("7_0ao37")]
transform = Transform3D(-0.98847437, -0.00037100198, 0.15138622, -0.00017855706, 1.0000005, 0.0012848766, -0.15138637, 0.0012430375, -0.9884736, 28.607204, 0.5692735, 19.561836)

[node name="SM_Path_Small_125" parent="Colony/UpgradeLayer2/Paths" unique_id=1209082282 instance=ExtResource("7_0ao37")]
